# generated by Slic3r 1.36.1-prusa3d on Wed Aug  9 19:59:10 2017
bed_shape = 84.5344x8.88492,83.1425x17.6725,80.8398x26.2664,77.6514x34.5726,73.6122x42.5,68.7664x49.9617,63.1673x56.8761,56.8761x63.1673,49.9617x68.7664,42.5x73.6122,34.5726x77.6514,26.2664x80.8398,17.6725x83.1425,8.88492x84.5344,0x85,-8.88492x84.5344,-17.6725x83.1425,-26.2664x80.8398,-34.5726x77.6514,-42.5x73.6122,-49.9617x68.7664,-56.8761x63.1673,-63.1673x56.8761,-68.7664x49.9617,-73.6122x42.5,-77.6514x34.5726,-80.8398x26.2664,-83.1425x17.6725,-84.5344x8.88492,-85x0,-84.5344x-8.88492,-83.1425x-17.6725,-80.8398x-26.2664,-77.6514x-34.5726,-73.6122x-42.5,-68.7664x-49.9617,-63.1673x-56.8761,-56.8761x-63.1673,-49.9617x-68.7664,-42.5x-73.6122,-34.5726x-77.6514,-26.2664x-80.8398,-17.6725x-83.1425,-8.88492x-84.5344,0x-85,8.88492x-84.5344,17.6725x-83.1425,26.2664x-80.8398,34.5726x-77.6514,42.5x-73.6122,49.9617x-68.7664,56.8761x-63.1673,63.1673x-56.8761,68.7664x-49.9617,73.6122x-42.5,77.6514x-34.5726,80.8398x-26.2664,83.1425x-17.6725,84.5344x-8.88492,85x0
before_layer_gcode = 
deretract_speed = 0
end_gcode = G91\nG0 Z10\nM140 S0 ; turn off bed\nM109 S75 ; Wait for temp to reach 75C\nM104 S0 ; turn off extruder\nG28 ; home axes\nM84 ; disable motors\nM106 S0\nM81 ; Power Off
extruder_colour = ""
extruder_offset = 0x0
gcode_flavor = reprap
layer_gcode = 
max_layer_height = 0
min_layer_height = 0.07
nozzle_diameter = 0.5
octoprint_apikey = asdfasdasdasdasdasdasdasd
octoprint_host = octopi.local
printer_notes = 
printer_settings_id = 
retract_before_travel = 2
retract_before_wipe = 0%
retract_layer_change = 0
retract_length = 5.5
retract_length_toolchange = 10
retract_lift = 0.1
retract_lift_above = 0
retract_lift_below = 0
retract_restart_extra = 0.05
retract_restart_extra_toolchange = 0
retract_speed = 100
serial_port = 
serial_speed = 250000
single_extruder_multi_material = 0
start_gcode = M80 ; Power On\nG28 ; home all axes\nG90\nG92 E0\nM190 S[first_layer_bed_temperature]\nM109 S[first_layer_temperature]\nG1 X15 Y80 Z15 F8000\nG1 X15 Y80 Z0.2 F8000\nG1 X-15 Y80 Z0.2 E10 F300\nG92 E0\nG1 F8000
toolchange_gcode = 
use_firmware_retraction = 0
use_relative_e_distances = 0
use_volumetric_e = 0
variable_layer_height = 1
wipe = 0
z_offset = 0
